111
1111
10111
11101
11110
100111
101011
101110
110011
110101
111000
111001
111010
111100
111111
1001001
1001011
1001111
1010011
1010101
1010111
1011001
1011010
1011101
1011110
1011111
1100110
1100111
1101001
1101011
1101110
1101111
1110001
1110010
1110011
1110110
1111000
1111001
1111010
10000111
10001011
10001111
10010010
10010011
10010101
10010110
10010111
10011001
10011010
10011100
10011101
10011110
10100110
10100111
10101010
10101011
10101110
10101111
10110001
10110010
10110011
10110100
10110101
10111000
10111001
10111010
10111011
10111100
10111101
10111110
10111111
11001001
11001010
11001100
11001101
11001110
11001111
11010001
11010010
11011011
11011100
11100101
11100110
11101000
11101001
11101010
11101011
11101100
11101110
11101111
11110000
11110001
11110010
11110011
11110100
11110101
11110111
11111010
11111011
11111101
11111111
100001011
100001111
100010101
100010110
100010111
100011010
100011011
100011100
100011110
100100100
100100110
100100111
100101011
100101100
100101110
100101111
100110010
100110011
100110100
100110101
100110111
100111000
100111010
100111100
101000111
101001011
101001101
101001110
101001111
101010001
101010010
101010100
101010101
101010111
101011000
101011001
101011010
101011101
101011110
101011111
101100011
101100101
101100110
101100111
101101111
101110000
101110010
101110011
101110100
101110101
101110111
101111010
101111011
101111110
101111111
110001011
110001101
110010010
110010100
110011000
110011001
110011010
110011100
110011101
110011110
110011111
110100001
110100010
110100011
110100100
110100101
110100111
110101000
110101001
110101010
110101011
110101100
110101110
110101111
110110001
110110110
110111010
110111101
110111110
110111111
111000000
111000010
111000101
111001000
111001001
111001010
111001011
111001100
111001101
111001111
111010000
111010001
111010010
111010100
111010101
111011001
111011101
111011110
111011111
111100000
111100001
111100010
111100100
111100101
111100110
111100111
111101001
111101010
111101011
111101100
111101101
111101110
111101111
111110011
111110100
111110101
111110111
111111000
111111010
111111011
111111101
111111110
111111111
